# Task file, format (one line per task):
# IPC   MPI     INSTR   DEADL	DOP	MISSRATEFUNC

1.0     0.2     5e6     12       8	piecewise (0.008 0.35) (0.016 0.28) (0.032 0.225) (0.064 0.15) (0.128 0.05) (0.256 0.0005) (1.5 0.00005)
1.0     0.2     5e6     8       8	piecewise (0.008 0.35) (0.016 0.28) (0.032 0.225) (0.064 0.15) (0.128 0.05) (0.256 0.0005) (1.5 0.00005)
1.0     0.2     5e6     12       8	piecewise (0.008 0.35) (0.016 0.28) (0.032 0.225) (0.064 0.15) (0.128 0.05) (0.256 0.0005) (1.5 0.00005)
1.0     0.2     5e6     6       8	piecewise (0.008 0.35) (0.016 0.28) (0.032 0.225) (0.064 0.15) (0.128 0.05) (0.256 0.0005) (1.5 0.00005)
1.0     0.2     5e6     20       8	piecewise (0.008 0.35) (0.016 0.28) (0.032 0.225) (0.064 0.15) (0.128 0.05) (0.256 0.0005) (1.5 0.00005)
1.0     0.2     5e6     8       8	piecewise (0.008 0.35) (0.016 0.28) (0.032 0.225) (0.064 0.15) (0.128 0.05) (0.256 0.0005) (1.5 0.00005)
1.0     0.2     5e6     200       8	piecewise (0.008 0.35) (0.016 0.28) (0.032 0.225) (0.064 0.15) (0.128 0.05) (0.256 0.0005) (1.5 0.00005)
1.0     0.2     5e6     6       8	piecewise (0.008 0.35) (0.016 0.28) (0.032 0.225) (0.064 0.15) (0.128 0.05) (0.256 0.0005) (1.5 0.00005)
1.0     0.2     5e6     12       8	piecewise (0.008 0.35) (0.016 0.28) (0.032 0.225) (0.064 0.15) (0.128 0.05) (0.256 0.0005) (1.5 0.00005)
1.0     0.2     5e6     8       8	piecewise (0.008 0.35) (0.016 0.28) (0.032 0.225) (0.064 0.15) (0.128 0.05) (0.256 0.0005) (1.5 0.00005)
1.0     0.2     5e6     12       8	piecewise (0.008 0.35) (0.016 0.28) (0.032 0.225) (0.064 0.15) (0.128 0.05) (0.256 0.0005) (1.5 0.00005)
1.0     0.2     5e6     7       8	piecewise (0.008 0.35) (0.016 0.28) (0.032 0.225) (0.064 0.15) (0.128 0.05) (0.256 0.0005) (1.5 0.00005)
1.0     0.2     5e6     9       8	piecewise (0.008 0.35) (0.016 0.28) (0.032 0.225) (0.064 0.15) (0.128 0.05) (0.256 0.0005) (1.5 0.00005)
1.0     0.2     5e6     6       8	piecewise (0.008 0.35) (0.016 0.28) (0.032 0.225) (0.064 0.15) (0.128 0.05) (0.256 0.0005) (1.5 0.00005)
1.0     0.2     5e6     10       8	piecewise (0.008 0.35) (0.016 0.28) (0.032 0.225) (0.064 0.15) (0.128 0.05) (0.256 0.0005) (1.5 0.00005)
1.0     0.2     5e6     11       8	piecewise (0.008 0.35) (0.016 0.28) (0.032 0.225) (0.064 0.15) (0.128 0.05) (0.256 0.0005) (1.5 0.00005)
1.0     0.2     5e6     12       8	piecewise (0.008 0.35) (0.016 0.28) (0.032 0.225) (0.064 0.15) (0.128 0.05) (0.256 0.0005) (1.5 0.00005)
1.0     0.2     5e6     15       8	piecewise (0.008 0.35) (0.016 0.28) (0.032 0.225) (0.064 0.15) (0.128 0.05) (0.256 0.0005) (1.5 0.00005)
1.0     0.2     5e6     7       8	piecewise (0.008 0.35) (0.016 0.28) (0.032 0.225) (0.064 0.15) (0.128 0.05) (0.256 0.0005) (1.5 0.00005)
1.0     0.2     5e6     6       8	piecewise (0.008 0.35) (0.016 0.28) (0.032 0.225) (0.064 0.15) (0.128 0.05) (0.256 0.0005) (1.5 0.00005)
1.0     0.2     5e6     12       8	piecewise (0.008 0.35) (0.016 0.28) (0.032 0.225) (0.064 0.15) (0.128 0.05) (0.256 0.0005) (1.5 0.00005)
1.0     0.2     5e6     8       8	piecewise (0.008 0.35) (0.016 0.28) (0.032 0.225) (0.064 0.15) (0.128 0.05) (0.256 0.0005) (1.5 0.00005)
1.0     0.2     5e6     12       8	piecewise (0.008 0.35) (0.016 0.28) (0.032 0.225) (0.064 0.15) (0.128 0.05) (0.256 0.0005) (1.5 0.00005)
1.0     0.2     5e6     6       8	piecewise (0.008 0.35) (0.016 0.28) (0.032 0.225) (0.064 0.15) (0.128 0.05) (0.256 0.0005) (1.5 0.00005)
1.0     0.2     5e6     12       8	piecewise (0.008 0.35) (0.016 0.28) (0.032 0.225) (0.064 0.15) (0.128 0.05) (0.256 0.0005) (1.5 0.00005)
1.0     0.2     5e6     8       8	piecewise (0.008 0.35) (0.016 0.28) (0.032 0.225) (0.064 0.15) (0.128 0.05) (0.256 0.0005) (1.5 0.00005)
1.0     0.2     5e6     12       8	piecewise (0.008 0.35) (0.016 0.28) (0.032 0.225) (0.064 0.15) (0.128 0.05) (0.256 0.0005) (1.5 0.00005)
1.0     0.2     5e6     8       8	piecewise (0.008 0.35) (0.016 0.28) (0.032 0.225) (0.064 0.15) (0.128 0.05) (0.256 0.0005) (1.5 0.00005)
1.0     0.2     5e6     12       8	piecewise (0.008 0.35) (0.016 0.28) (0.032 0.225) (0.064 0.15) (0.128 0.05) (0.256 0.0005) (1.5 0.00005)
1.0     0.2     5e6     6       8	piecewise (0.008 0.35) (0.016 0.28) (0.032 0.225) (0.064 0.15) (0.128 0.05) (0.256 0.0005) (1.5 0.00005)
1.0     0.2     5e6     12       8	piecewise (0.008 0.35) (0.016 0.28) (0.032 0.225) (0.064 0.15) (0.128 0.05) (0.256 0.0005) (1.5 0.00005)
1.0     0.2     5e6     8       8	piecewise (0.008 0.35) (0.016 0.28) (0.032 0.225) (0.064 0.15) (0.128 0.05) (0.256 0.0005) (1.5 0.00005)
1.0     0.2     5e6     12       8	piecewise (0.008 0.35) (0.016 0.28) (0.032 0.225) (0.064 0.15) (0.128 0.05) (0.256 0.0005) (1.5 0.00005)
1.0     0.2     5e6     8       8	piecewise (0.008 0.35) (0.016 0.28) (0.032 0.225) (0.064 0.15) (0.128 0.05) (0.256 0.0005) (1.5 0.00005)
1.0     0.2     5e6     12       8	piecewise (0.008 0.35) (0.016 0.28) (0.032 0.225) (0.064 0.15) (0.128 0.05) (0.256 0.0005) (1.5 0.00005)
1.0     0.2     5e6     6       8	piecewise (0.008 0.35) (0.016 0.28) (0.032 0.225) (0.064 0.15) (0.128 0.05) (0.256 0.0005) (1.5 0.00005)
1.0     0.2     5e6     20       8	piecewise (0.008 0.35) (0.016 0.28) (0.032 0.225) (0.064 0.15) (0.128 0.05) (0.256 0.0005) (1.5 0.00005)
1.0     0.2     5e6     8       8	piecewise (0.008 0.35) (0.016 0.28) (0.032 0.225) (0.064 0.15) (0.128 0.05) (0.256 0.0005) (1.5 0.00005)
1.0     0.2     5e6     200       8	piecewise (0.008 0.35) (0.016 0.28) (0.032 0.225) (0.064 0.15) (0.128 0.05) (0.256 0.0005) (1.5 0.00005)
1.0     0.2     5e6     6       8	piecewise (0.008 0.35) (0.016 0.28) (0.032 0.225) (0.064 0.15) (0.128 0.05) (0.256 0.0005) (1.5 0.00005)
1.0     0.2     5e6     12       8	piecewise (0.008 0.35) (0.016 0.28) (0.032 0.225) (0.064 0.15) (0.128 0.05) (0.256 0.0005) (1.5 0.00005)
1.0     0.2     5e6     8       8	piecewise (0.008 0.35) (0.016 0.28) (0.032 0.225) (0.064 0.15) (0.128 0.05) (0.256 0.0005) (1.5 0.00005)
1.0     0.2     5e6     12       8	piecewise (0.008 0.35) (0.016 0.28) (0.032 0.225) (0.064 0.15) (0.128 0.05) (0.256 0.0005) (1.5 0.00005)
1.0     0.2     5e6     7       8	piecewise (0.008 0.35) (0.016 0.28) (0.032 0.225) (0.064 0.15) (0.128 0.05) (0.256 0.0005) (1.5 0.00005)
1.0     0.2     5e6     9       8	piecewise (0.008 0.35) (0.016 0.28) (0.032 0.225) (0.064 0.15) (0.128 0.05) (0.256 0.0005) (1.5 0.00005)
1.0     0.2     5e6     6       8	piecewise (0.008 0.35) (0.016 0.28) (0.032 0.225) (0.064 0.15) (0.128 0.05) (0.256 0.0005) (1.5 0.00005)
1.0     0.2     5e6     10       8	piecewise (0.008 0.35) (0.016 0.28) (0.032 0.225) (0.064 0.15) (0.128 0.05) (0.256 0.0005) (1.5 0.00005)
1.0     0.2     5e6     11       8	piecewise (0.008 0.35) (0.016 0.28) (0.032 0.225) (0.064 0.15) (0.128 0.05) (0.256 0.0005) (1.5 0.00005)
1.0     0.2     5e6     12       8	piecewise (0.008 0.35) (0.016 0.28) (0.032 0.225) (0.064 0.15) (0.128 0.05) (0.256 0.0005) (1.5 0.00005)
1.0     0.2     5e6     15       8	piecewise (0.008 0.35) (0.016 0.28) (0.032 0.225) (0.064 0.15) (0.128 0.05) (0.256 0.0005) (1.5 0.00005)
1.0     0.2     5e6     7       8	piecewise (0.008 0.35) (0.016 0.28) (0.032 0.225) (0.064 0.15) (0.128 0.05) (0.256 0.0005) (1.5 0.00005)
1.0     0.2     5e6     6       8	piecewise (0.008 0.35) (0.016 0.28) (0.032 0.225) (0.064 0.15) (0.128 0.05) (0.256 0.0005) (1.5 0.00005)
1.0     0.2     5e6     12       8	piecewise (0.008 0.35) (0.016 0.28) (0.032 0.225) (0.064 0.15) (0.128 0.05) (0.256 0.0005) (1.5 0.00005)
1.0     0.2     5e6     8       8	piecewise (0.008 0.35) (0.016 0.28) (0.032 0.225) (0.064 0.15) (0.128 0.05) (0.256 0.0005) (1.5 0.00005)
1.0     0.2     5e6     12       8	piecewise (0.008 0.35) (0.016 0.28) (0.032 0.225) (0.064 0.15) (0.128 0.05) (0.256 0.0005) (1.5 0.00005)
1.0     0.2     5e6     6       8	piecewise (0.008 0.35) (0.016 0.28) (0.032 0.225) (0.064 0.15) (0.128 0.05) (0.256 0.0005) (1.5 0.00005)
1.0     0.2     5e6     12       8	piecewise (0.008 0.35) (0.016 0.28) (0.032 0.225) (0.064 0.15) (0.128 0.05) (0.256 0.0005) (1.5 0.00005)
1.0     0.2     5e6     8       8	piecewise (0.008 0.35) (0.016 0.28) (0.032 0.225) (0.064 0.15) (0.128 0.05) (0.256 0.0005) (1.5 0.00005)
1.0     0.2     5e6     12       8	piecewise (0.008 0.35) (0.016 0.28) (0.032 0.225) (0.064 0.15) (0.128 0.05) (0.256 0.0005) (1.5 0.00005)
1.0     0.2     5e6     8       8	piecewise (0.008 0.35) (0.016 0.28) (0.032 0.225) (0.064 0.15) (0.128 0.05) (0.256 0.0005) (1.5 0.00005)
1.0     0.2     5e6     12       8	piecewise (0.008 0.35) (0.016 0.28) (0.032 0.225) (0.064 0.15) (0.128 0.05) (0.256 0.0005) (1.5 0.00005)
1.0     0.2     5e6     6       8	piecewise (0.008 0.35) (0.016 0.28) (0.032 0.225) (0.064 0.15) (0.128 0.05) (0.256 0.0005) (1.5 0.00005)
1.0     0.2     5e6     12       8	piecewise (0.008 0.35) (0.016 0.28) (0.032 0.225) (0.064 0.15) (0.128 0.05) (0.256 0.0005) (1.5 0.00005)
1.0     0.2     5e6     8       8	piecewise (0.008 0.35) (0.016 0.28) (0.032 0.225) (0.064 0.15) (0.128 0.05) (0.256 0.0005) (1.5 0.00005)
1.0     0.2     5e6     12       8	piecewise (0.008 0.35) (0.016 0.28) (0.032 0.225) (0.064 0.15) (0.128 0.05) (0.256 0.0005) (1.5 0.00005)
1.0     0.2     5e6     8       8	piecewise (0.008 0.35) (0.016 0.28) (0.032 0.225) (0.064 0.15) (0.128 0.05) (0.256 0.0005) (1.5 0.00005)
1.0     0.2     5e6     12       8	piecewise (0.008 0.35) (0.016 0.28) (0.032 0.225) (0.064 0.15) (0.128 0.05) (0.256 0.0005) (1.5 0.00005)
1.0     0.2     5e6     6       8	piecewise (0.008 0.35) (0.016 0.28) (0.032 0.225) (0.064 0.15) (0.128 0.05) (0.256 0.0005) (1.5 0.00005)
1.0     0.2     5e6     20       8	piecewise (0.008 0.35) (0.016 0.28) (0.032 0.225) (0.064 0.15) (0.128 0.05) (0.256 0.0005) (1.5 0.00005)
1.0     0.2     5e6     8       8	piecewise (0.008 0.35) (0.016 0.28) (0.032 0.225) (0.064 0.15) (0.128 0.05) (0.256 0.0005) (1.5 0.00005)
1.0     0.2     5e6     200       8	piecewise (0.008 0.35) (0.016 0.28) (0.032 0.225) (0.064 0.15) (0.128 0.05) (0.256 0.0005) (1.5 0.00005)
1.0     0.2     5e6     6       8	piecewise (0.008 0.35) (0.016 0.28) (0.032 0.225) (0.064 0.15) (0.128 0.05) (0.256 0.0005) (1.5 0.00005)
1.0     0.2     5e6     12       8	piecewise (0.008 0.35) (0.016 0.28) (0.032 0.225) (0.064 0.15) (0.128 0.05) (0.256 0.0005) (1.5 0.00005)
1.0     0.2     5e6     8       8	piecewise (0.008 0.35) (0.016 0.28) (0.032 0.225) (0.064 0.15) (0.128 0.05) (0.256 0.0005) (1.5 0.00005)
1.0     0.2     5e6     12       8	piecewise (0.008 0.35) (0.016 0.28) (0.032 0.225) (0.064 0.15) (0.128 0.05) (0.256 0.0005) (1.5 0.00005)
1.0     0.2     5e6     7       8	piecewise (0.008 0.35) (0.016 0.28) (0.032 0.225) (0.064 0.15) (0.128 0.05) (0.256 0.0005) (1.5 0.00005)
1.0     0.2     5e6     9       8	piecewise (0.008 0.35) (0.016 0.28) (0.032 0.225) (0.064 0.15) (0.128 0.05) (0.256 0.0005) (1.5 0.00005)
1.0     0.2     5e6     6       8	piecewise (0.008 0.35) (0.016 0.28) (0.032 0.225) (0.064 0.15) (0.128 0.05) (0.256 0.0005) (1.5 0.00005)
1.0     0.2     5e6     10       8	piecewise (0.008 0.35) (0.016 0.28) (0.032 0.225) (0.064 0.15) (0.128 0.05) (0.256 0.0005) (1.5 0.00005)
1.0     0.2     5e6     11       8	piecewise (0.008 0.35) (0.016 0.28) (0.032 0.225) (0.064 0.15) (0.128 0.05) (0.256 0.0005) (1.5 0.00005)
1.0     0.2     5e6     12       8	piecewise (0.008 0.35) (0.016 0.28) (0.032 0.225) (0.064 0.15) (0.128 0.05) (0.256 0.0005) (1.5 0.00005)
1.0     0.2     5e6     15       8	piecewise (0.008 0.35) (0.016 0.28) (0.032 0.225) (0.064 0.15) (0.128 0.05) (0.256 0.0005) (1.5 0.00005)
1.0     0.2     5e6     7       8	piecewise (0.008 0.35) (0.016 0.28) (0.032 0.225) (0.064 0.15) (0.128 0.05) (0.256 0.0005) (1.5 0.00005)
1.0     0.2     5e6     6       8	piecewise (0.008 0.35) (0.016 0.28) (0.032 0.225) (0.064 0.15) (0.128 0.05) (0.256 0.0005) (1.5 0.00005)
1.0     0.2     5e6     12       8	piecewise (0.008 0.35) (0.016 0.28) (0.032 0.225) (0.064 0.15) (0.128 0.05) (0.256 0.0005) (1.5 0.00005)
1.0     0.2     5e6     8       8	piecewise (0.008 0.35) (0.016 0.28) (0.032 0.225) (0.064 0.15) (0.128 0.05) (0.256 0.0005) (1.5 0.00005)
1.0     0.2     5e6     12       8	piecewise (0.008 0.35) (0.016 0.28) (0.032 0.225) (0.064 0.15) (0.128 0.05) (0.256 0.0005) (1.5 0.00005)
1.0     0.2     5e6     6       8	piecewise (0.008 0.35) (0.016 0.28) (0.032 0.225) (0.064 0.15) (0.128 0.05) (0.256 0.0005) (1.5 0.00005)
1.0     0.2     5e6     12       8	piecewise (0.008 0.35) (0.016 0.28) (0.032 0.225) (0.064 0.15) (0.128 0.05) (0.256 0.0005) (1.5 0.00005)
1.0     0.2     5e6     8       8	piecewise (0.008 0.35) (0.016 0.28) (0.032 0.225) (0.064 0.15) (0.128 0.05) (0.256 0.0005) (1.5 0.00005)
1.0     0.2     5e6     12       8	piecewise (0.008 0.35) (0.016 0.28) (0.032 0.225) (0.064 0.15) (0.128 0.05) (0.256 0.0005) (1.5 0.00005)
1.0     0.2     5e6     8       8	piecewise (0.008 0.35) (0.016 0.28) (0.032 0.225) (0.064 0.15) (0.128 0.05) (0.256 0.0005) (1.5 0.00005)
1.0     0.2     5e6     12       8	piecewise (0.008 0.35) (0.016 0.28) (0.032 0.225) (0.064 0.15) (0.128 0.05) (0.256 0.0005) (1.5 0.00005)
1.0     0.2     5e6     6       8	piecewise (0.008 0.35) (0.016 0.28) (0.032 0.225) (0.064 0.15) (0.128 0.05) (0.256 0.0005) (1.5 0.00005)
1.0     0.2     5e6     12       8	piecewise (0.008 0.35) (0.016 0.28) (0.032 0.225) (0.064 0.15) (0.128 0.05) (0.256 0.0005) (1.5 0.00005)
1.0     0.2     5e6     8       8	piecewise (0.008 0.35) (0.016 0.28) (0.032 0.225) (0.064 0.15) (0.128 0.05) (0.256 0.0005) (1.5 0.00005)
1.0     0.2     5e6     12       8	piecewise (0.008 0.35) (0.016 0.28) (0.032 0.225) (0.064 0.15) (0.128 0.05) (0.256 0.0005) (1.5 0.00005)
1.0     0.2     5e6     8       8	piecewise (0.008 0.35) (0.016 0.28) (0.032 0.225) (0.064 0.15) (0.128 0.05) (0.256 0.0005) (1.5 0.00005)
1.0     0.2     5e6     12       8	piecewise (0.008 0.35) (0.016 0.28) (0.032 0.225) (0.064 0.15) (0.128 0.05) (0.256 0.0005) (1.5 0.00005)
1.0     0.2     5e6     6       8	piecewise (0.008 0.35) (0.016 0.28) (0.032 0.225) (0.064 0.15) (0.128 0.05) (0.256 0.0005) (1.5 0.00005)
1.0     0.2     5e6     20       8	piecewise (0.008 0.35) (0.016 0.28) (0.032 0.225) (0.064 0.15) (0.128 0.05) (0.256 0.0005) (1.5 0.00005)
1.0     0.2     5e6     8       8	piecewise (0.008 0.35) (0.016 0.28) (0.032 0.225) (0.064 0.15) (0.128 0.05) (0.256 0.0005) (1.5 0.00005)
1.0     0.2     5e6     200       8	piecewise (0.008 0.35) (0.016 0.28) (0.032 0.225) (0.064 0.15) (0.128 0.05) (0.256 0.0005) (1.5 0.00005)
1.0     0.2     5e6     6       8	piecewise (0.008 0.35) (0.016 0.28) (0.032 0.225) (0.064 0.15) (0.128 0.05) (0.256 0.0005) (1.5 0.00005)
1.0     0.2     5e6     12       8	piecewise (0.008 0.35) (0.016 0.28) (0.032 0.225) (0.064 0.15) (0.128 0.05) (0.256 0.0005) (1.5 0.00005)
1.0     0.2     5e6     8       8	piecewise (0.008 0.35) (0.016 0.28) (0.032 0.225) (0.064 0.15) (0.128 0.05) (0.256 0.0005) (1.5 0.00005)
1.0     0.2     5e6     12       8	piecewise (0.008 0.35) (0.016 0.28) (0.032 0.225) (0.064 0.15) (0.128 0.05) (0.256 0.0005) (1.5 0.00005)
1.0     0.2     5e6     7       8	piecewise (0.008 0.35) (0.016 0.28) (0.032 0.225) (0.064 0.15) (0.128 0.05) (0.256 0.0005) (1.5 0.00005)
1.0     0.2     5e6     9       8	piecewise (0.008 0.35) (0.016 0.28) (0.032 0.225) (0.064 0.15) (0.128 0.05) (0.256 0.0005) (1.5 0.00005)
1.0     0.2     5e6     6       8	piecewise (0.008 0.35) (0.016 0.28) (0.032 0.225) (0.064 0.15) (0.128 0.05) (0.256 0.0005) (1.5 0.00005)
1.0     0.2     5e6     10       8	piecewise (0.008 0.35) (0.016 0.28) (0.032 0.225) (0.064 0.15) (0.128 0.05) (0.256 0.0005) (1.5 0.00005)
1.0     0.2     5e6     11       8	piecewise (0.008 0.35) (0.016 0.28) (0.032 0.225) (0.064 0.15) (0.128 0.05) (0.256 0.0005) (1.5 0.00005)
1.0     0.2     5e6     12       8	piecewise (0.008 0.35) (0.016 0.28) (0.032 0.225) (0.064 0.15) (0.128 0.05) (0.256 0.0005) (1.5 0.00005)
1.0     0.2     5e6     15       8	piecewise (0.008 0.35) (0.016 0.28) (0.032 0.225) (0.064 0.15) (0.128 0.05) (0.256 0.0005) (1.5 0.00005)
1.0     0.2     5e6     7       8	piecewise (0.008 0.35) (0.016 0.28) (0.032 0.225) (0.064 0.15) (0.128 0.05) (0.256 0.0005) (1.5 0.00005)
1.0     0.2     5e6     6       8	piecewise (0.008 0.35) (0.016 0.28) (0.032 0.225) (0.064 0.15) (0.128 0.05) (0.256 0.0005) (1.5 0.00005)
1.0     0.2     5e6     12       8	piecewise (0.008 0.35) (0.016 0.28) (0.032 0.225) (0.064 0.15) (0.128 0.05) (0.256 0.0005) (1.5 0.00005)
1.0     0.2     5e6     8       8	piecewise (0.008 0.35) (0.016 0.28) (0.032 0.225) (0.064 0.15) (0.128 0.05) (0.256 0.0005) (1.5 0.00005)
1.0     0.2     5e6     12       8	piecewise (0.008 0.35) (0.016 0.28) (0.032 0.225) (0.064 0.15) (0.128 0.05) (0.256 0.0005) (1.5 0.00005)
1.0     0.2     5e6     6       8	piecewise (0.008 0.35) (0.016 0.28) (0.032 0.225) (0.064 0.15) (0.128 0.05) (0.256 0.0005) (1.5 0.00005)
1.0     0.2     5e6     12       8	piecewise (0.008 0.35) (0.016 0.28) (0.032 0.225) (0.064 0.15) (0.128 0.05) (0.256 0.0005) (1.5 0.00005)
1.0     0.2     5e6     8       8	piecewise (0.008 0.35) (0.016 0.28) (0.032 0.225) (0.064 0.15) (0.128 0.05) (0.256 0.0005) (1.5 0.00005)
1.0     0.2     5e6     12       8	piecewise (0.008 0.35) (0.016 0.28) (0.032 0.225) (0.064 0.15) (0.128 0.05) (0.256 0.0005) (1.5 0.00005)
1.0     0.2     5e6     8       8	piecewise (0.008 0.35) (0.016 0.28) (0.032 0.225) (0.064 0.15) (0.128 0.05) (0.256 0.0005) (1.5 0.00005)
1.0     0.2     5e6     12       8	piecewise (0.008 0.35) (0.016 0.28) (0.032 0.225) (0.064 0.15) (0.128 0.05) (0.256 0.0005) (1.5 0.00005)
1.0     0.2     5e6     6       8	piecewise (0.008 0.35) (0.016 0.28) (0.032 0.225) (0.064 0.15) (0.128 0.05) (0.256 0.0005) (1.5 0.00005)
1.0     0.2     5e6     12       8	piecewise (0.008 0.35) (0.016 0.28) (0.032 0.225) (0.064 0.15) (0.128 0.05) (0.256 0.0005) (1.5 0.00005)
1.0     0.2     5e6     8       8	piecewise (0.008 0.35) (0.016 0.28) (0.032 0.225) (0.064 0.15) (0.128 0.05) (0.256 0.0005) (1.5 0.00005)


