# Task file, format (one line per task):
# IPC   MPI     INSTR   DEADL	DOP	MISSRATEFUNC

1.0     0.2     100e6    120       8	piecewise (0.008 0.35) (0.016 0.28) (0.032 0.225) (0.064 0.15) (0.128 0.05) (0.256 0.0005) (1.5 0.00005)
1.0     0.2     100e6    120       8	piecewise (0.008 0.35) (0.016 0.28) (0.032 0.225) (0.064 0.15) (0.128 0.05) (0.256 0.0005) (1.5 0.00005)
1.0     0.2     100e6    120       8	piecewise (0.008 0.35) (0.016 0.28) (0.032 0.225) (0.064 0.15) (0.128 0.05) (0.256 0.0005) (1.5 0.00005)
1.0     0.2     100e6    120       8	piecewise (0.008 0.35) (0.016 0.28) (0.032 0.225) (0.064 0.15) (0.128 0.05) (0.256 0.0005) (1.5 0.00005)
1.0     0.2     100e6    120       8	piecewise (0.008 0.35) (0.016 0.28) (0.032 0.225) (0.064 0.15) (0.128 0.05) (0.256 0.0005) (1.5 0.00005)
1.0     0.2     100e6    120       8	piecewise (0.008 0.35) (0.016 0.28) (0.032 0.225) (0.064 0.15) (0.128 0.05) (0.256 0.0005) (1.5 0.00005)
1.0     0.2     100e6    120       8	piecewise (0.008 0.35) (0.016 0.28) (0.032 0.225) (0.064 0.15) (0.128 0.05) (0.256 0.0005) (1.5 0.00005)
1.0     0.2     100e6    120       8	piecewise (0.008 0.35) (0.016 0.28) (0.032 0.225) (0.064 0.15) (0.128 0.05) (0.256 0.0005) (1.5 0.00005)
1.0     0.2     100e6    120       8	piecewise (0.008 0.35) (0.016 0.28) (0.032 0.225) (0.064 0.15) (0.128 0.05) (0.256 0.0005) (1.5 0.00005)
1.0     0.2     100e6    120       8	piecewise (0.008 0.35) (0.016 0.28) (0.032 0.225) (0.064 0.15) (0.128 0.05) (0.256 0.0005) (1.5 0.00005)
1.0     0.2     100e6    120       8	piecewise (0.008 0.35) (0.016 0.28) (0.032 0.225) (0.064 0.15) (0.128 0.05) (0.256 0.0005) (1.5 0.00005)
1.0     0.2     100e6    120       8	piecewise (0.008 0.35) (0.016 0.28) (0.032 0.225) (0.064 0.15) (0.128 0.05) (0.256 0.0005) (1.5 0.00005)
1.0     0.2     100e6    120       8	piecewise (0.008 0.35) (0.016 0.28) (0.032 0.225) (0.064 0.15) (0.128 0.05) (0.256 0.0005) (1.5 0.00005)
1.0     0.2     100e6    120       8	piecewise (0.008 0.35) (0.016 0.28) (0.032 0.225) (0.064 0.15) (0.128 0.05) (0.256 0.0005) (1.5 0.00005)
1.0     0.2     100e6    120       8	piecewise (0.008 0.35) (0.016 0.28) (0.032 0.225) (0.064 0.15) (0.128 0.05) (0.256 0.0005) (1.5 0.00005)
1.0     0.2     100e6    120       8	piecewise (0.008 0.35) (0.016 0.28) (0.032 0.225) (0.064 0.15) (0.128 0.05) (0.256 0.0005) (1.5 0.00005)
1.0     0.2     100e6    120       8	piecewise (0.008 0.35) (0.016 0.28) (0.032 0.225) (0.064 0.15) (0.128 0.05) (0.256 0.0005) (1.5 0.00005)
1.0     0.2     100e6    120       8	piecewise (0.008 0.35) (0.016 0.28) (0.032 0.225) (0.064 0.15) (0.128 0.05) (0.256 0.0005) (1.5 0.00005)
1.0     0.2     100e6    120       8	piecewise (0.008 0.35) (0.016 0.28) (0.032 0.225) (0.064 0.15) (0.128 0.05) (0.256 0.0005) (1.5 0.00005)
1.0     0.2     100e6    120       8	piecewise (0.008 0.35) (0.016 0.28) (0.032 0.225) (0.064 0.15) (0.128 0.05) (0.256 0.0005) (1.5 0.00005)
1.0     0.2     100e6    120       8	piecewise (0.008 0.35) (0.016 0.28) (0.032 0.225) (0.064 0.15) (0.128 0.05) (0.256 0.0005) (1.5 0.00005)
1.0     0.2     100e6    120       8	piecewise (0.008 0.35) (0.016 0.28) (0.032 0.225) (0.064 0.15) (0.128 0.05) (0.256 0.0005) (1.5 0.00005)
1.0     0.2     100e6    120       8	piecewise (0.008 0.35) (0.016 0.28) (0.032 0.225) (0.064 0.15) (0.128 0.05) (0.256 0.0005) (1.5 0.00005)
1.0     0.2     100e6    120       8	piecewise (0.008 0.35) (0.016 0.28) (0.032 0.225) (0.064 0.15) (0.128 0.05) (0.256 0.0005) (1.5 0.00005)
1.0     0.2     100e6    120       8	piecewise (0.008 0.35) (0.016 0.28) (0.032 0.225) (0.064 0.15) (0.128 0.05) (0.256 0.0005) (1.5 0.00005)
1.0     0.2     100e6    120       8	piecewise (0.008 0.35) (0.016 0.28) (0.032 0.225) (0.064 0.15) (0.128 0.05) (0.256 0.0005) (1.5 0.00005)
1.0     0.2     100e6    120       8	piecewise (0.008 0.35) (0.016 0.28) (0.032 0.225) (0.064 0.15) (0.128 0.05) (0.256 0.0005) (1.5 0.00005)
1.0     0.2     100e6    120       8	piecewise (0.008 0.35) (0.016 0.28) (0.032 0.225) (0.064 0.15) (0.128 0.05) (0.256 0.0005) (1.5 0.00005)
1.0     0.2     100e6    120       8	piecewise (0.008 0.35) (0.016 0.28) (0.032 0.225) (0.064 0.15) (0.128 0.05) (0.256 0.0005) (1.5 0.00005)
1.0     0.2     100e6    120       8	piecewise (0.008 0.35) (0.016 0.28) (0.032 0.225) (0.064 0.15) (0.128 0.05) (0.256 0.0005) (1.5 0.00005)
1.0     0.2     100e6    120       8	piecewise (0.008 0.35) (0.016 0.28) (0.032 0.225) (0.064 0.15) (0.128 0.05) (0.256 0.0005) (1.5 0.00005)
1.0     0.2     100e6    120       8	piecewise (0.008 0.35) (0.016 0.28) (0.032 0.225) (0.064 0.15) (0.128 0.05) (0.256 0.0005) (1.5 0.00005)
1.0     0.2     100e6    120       8	piecewise (0.008 0.35) (0.016 0.28) (0.032 0.225) (0.064 0.15) (0.128 0.05) (0.256 0.0005) (1.5 0.00005)
1.0     0.2     100e6    120       8	piecewise (0.008 0.35) (0.016 0.28) (0.032 0.225) (0.064 0.15) (0.128 0.05) (0.256 0.0005) (1.5 0.00005)
1.0     0.2     100e6    120       8	piecewise (0.008 0.35) (0.016 0.28) (0.032 0.225) (0.064 0.15) (0.128 0.05) (0.256 0.0005) (1.5 0.00005)
1.0     0.2     100e6    120       8	piecewise (0.008 0.35) (0.016 0.28) (0.032 0.225) (0.064 0.15) (0.128 0.05) (0.256 0.0005) (1.5 0.00005)
1.0     0.2     100e6    120       8	piecewise (0.008 0.35) (0.016 0.28) (0.032 0.225) (0.064 0.15) (0.128 0.05) (0.256 0.0005) (1.5 0.00005)
1.0     0.2     100e6    120       8	piecewise (0.008 0.35) (0.016 0.28) (0.032 0.225) (0.064 0.15) (0.128 0.05) (0.256 0.0005) (1.5 0.00005)
1.0     0.2     100e6    120       8	piecewise (0.008 0.35) (0.016 0.28) (0.032 0.225) (0.064 0.15) (0.128 0.05) (0.256 0.0005) (1.5 0.00005)
1.0     0.2     100e6    120       8	piecewise (0.008 0.35) (0.016 0.28) (0.032 0.225) (0.064 0.15) (0.128 0.05) (0.256 0.0005) (1.5 0.00005)
1.0     0.2     100e6    120       8	piecewise (0.008 0.35) (0.016 0.28) (0.032 0.225) (0.064 0.15) (0.128 0.05) (0.256 0.0005) (1.5 0.00005)
1.0     0.2     100e6    120       8	piecewise (0.008 0.35) (0.016 0.28) (0.032 0.225) (0.064 0.15) (0.128 0.05) (0.256 0.0005) (1.5 0.00005)
1.0     0.2     100e6    120       8	piecewise (0.008 0.35) (0.016 0.28) (0.032 0.225) (0.064 0.15) (0.128 0.05) (0.256 0.0005) (1.5 0.00005)
1.0     0.2     100e6    120       8	piecewise (0.008 0.35) (0.016 0.28) (0.032 0.225) (0.064 0.15) (0.128 0.05) (0.256 0.0005) (1.5 0.00005)
1.0     0.2     100e6    120       8	piecewise (0.008 0.35) (0.016 0.28) (0.032 0.225) (0.064 0.15) (0.128 0.05) (0.256 0.0005) (1.5 0.00005)
1.0     0.2     100e6    120       8	piecewise (0.008 0.35) (0.016 0.28) (0.032 0.225) (0.064 0.15) (0.128 0.05) (0.256 0.0005) (1.5 0.00005)
1.0     0.2     100e6    120       8	piecewise (0.008 0.35) (0.016 0.28) (0.032 0.225) (0.064 0.15) (0.128 0.05) (0.256 0.0005) (1.5 0.00005)
1.0     0.2     100e6    120       8	piecewise (0.008 0.35) (0.016 0.28) (0.032 0.225) (0.064 0.15) (0.128 0.05) (0.256 0.0005) (1.5 0.00005)
1.0     0.2     100e6    120       8	piecewise (0.008 0.35) (0.016 0.28) (0.032 0.225) (0.064 0.15) (0.128 0.05) (0.256 0.0005) (1.5 0.00005)
1.0     0.2     100e6    120       8	piecewise (0.008 0.35) (0.016 0.28) (0.032 0.225) (0.064 0.15) (0.128 0.05) (0.256 0.0005) (1.5 0.00005)
1.0     0.2     100e6    120       8	piecewise (0.008 0.35) (0.016 0.28) (0.032 0.225) (0.064 0.15) (0.128 0.05) (0.256 0.0005) (1.5 0.00005)
1.0     0.2     100e6    120       8	piecewise (0.008 0.35) (0.016 0.28) (0.032 0.225) (0.064 0.15) (0.128 0.05) (0.256 0.0005) (1.5 0.00005)
1.0     0.2     100e6    120       8	piecewise (0.008 0.35) (0.016 0.28) (0.032 0.225) (0.064 0.15) (0.128 0.05) (0.256 0.0005) (1.5 0.00005)
1.0     0.2     100e6    120       8	piecewise (0.008 0.35) (0.016 0.28) (0.032 0.225) (0.064 0.15) (0.128 0.05) (0.256 0.0005) (1.5 0.00005)
1.0     0.2     100e6    120       8	piecewise (0.008 0.35) (0.016 0.28) (0.032 0.225) (0.064 0.15) (0.128 0.05) (0.256 0.0005) (1.5 0.00005)
1.0     0.2     100e6    120       8	piecewise (0.008 0.35) (0.016 0.28) (0.032 0.225) (0.064 0.15) (0.128 0.05) (0.256 0.0005) (1.5 0.00005)
1.0     0.2     100e6    120       8	piecewise (0.008 0.35) (0.016 0.28) (0.032 0.225) (0.064 0.15) (0.128 0.05) (0.256 0.0005) (1.5 0.00005)
1.0     0.2     100e6    120       8	piecewise (0.008 0.35) (0.016 0.28) (0.032 0.225) (0.064 0.15) (0.128 0.05) (0.256 0.0005) (1.5 0.00005)
1.0     0.2     100e6    120       8	piecewise (0.008 0.35) (0.016 0.28) (0.032 0.225) (0.064 0.15) (0.128 0.05) (0.256 0.0005) (1.5 0.00005)
1.0     0.2     100e6    120       8	piecewise (0.008 0.35) (0.016 0.28) (0.032 0.225) (0.064 0.15) (0.128 0.05) (0.256 0.0005) (1.5 0.00005)
1.0     0.2     100e6    120       8	piecewise (0.008 0.35) (0.016 0.28) (0.032 0.225) (0.064 0.15) (0.128 0.05) (0.256 0.0005) (1.5 0.00005)
1.0     0.2     100e6    120       8	piecewise (0.008 0.35) (0.016 0.28) (0.032 0.225) (0.064 0.15) (0.128 0.05) (0.256 0.0005) (1.5 0.00005)
1.0     0.2     100e6    120       8	piecewise (0.008 0.35) (0.016 0.28) (0.032 0.225) (0.064 0.15) (0.128 0.05) (0.256 0.0005) (1.5 0.00005)
1.0     0.2     100e6    120       8	piecewise (0.008 0.35) (0.016 0.28) (0.032 0.225) (0.064 0.15) (0.128 0.05) (0.256 0.0005) (1.5 0.00005)
